,bin1,bin2,bin3,bin4,bin5,bin6,bin7,bin8,flow_seq_score
tdh3_dpd4,0.358583277524236,0.3106979470338763,0.21056056309550605,0.079459165380903,0.0175781245330996,0.009380960866913427,0.006646445743608329,0.0070935158218572054,0.16813530814988759
dpd4_dpd4,0.33223212893602444,0.3033930651269036,0.209514880888041,0.10278864304452458,0.027561783394740566,0.011036375697799375,0.00683591104853154,0.006637211863434986,0.1833848167771075
tdh3_vp16,0.3371646692651936,0.31266498588619496,0.22733798002759847,0.08423837527118395,0.01953488907422726,0.00862440200551705,0.005577483308562306,0.0048572151615223795,0.1726832920087812
tdh3_lge1,0.3343795414839762,0.306701934369484,0.22130200499571093,0.09603760516745502,0.01787127141862565,0.00921412742033711,0.007032855411998638,0.007460659732412441,0.1784851761769054
tdh3_med4,0.32204348011420403,0.31571512424493486,0.21394169621474876,0.0893520692783479,0.02142434040144199,0.014980064303674618,0.011911848847126007,0.010631376595521757,0.18830616241214648
tdh3_srb7,0.33469150241406664,0.31794687032787694,0.2170591606173316,0.09131869274595988,0.018244844191228606,0.010540121741150672,0.005330893256469025,0.004867914705916694,0.17396600253590264
dpd4_srb7,0.32944310713058667,0.32102096831111104,0.19890474293367225,0.1070418333540138,0.023687940468280176,0.009077793087556865,0.005403474343649746,0.005420140371129522,0.17863693003017245
dpd4_empty,0.3537343532119275,0.30001416717758234,0.21438267420455773,0.09125505155528105,0.019771554410498042,0.009574001610618943,0.006074340752931442,0.005193857076603019,0.17175770571449106
dpd4_med4,0.3211318782248631,0.2854715079660013,0.22512406446485048,0.11570029458927816,0.029464513969538926,0.010475889111410782,0.006489403545787054,0.006142448128270084,0.19071308289590846
tdh3_empty,0.3680488001830211,0.3094859094698966,0.20902302412027646,0.07700104808158716,0.018318878087421595,0.007968966247722722,0.005320802418721316,0.004832571391353079,0.1624868942564729
tdh3_gapdh,0.35096525909580367,0.30282015819470776,0.2162534648343768,0.09014195930482014,0.019160028673264082,0.01015564720547256,0.005479787318725312,0.005023695372829833,0.17160227257435734
dpd4_lge1,0.3225939670191664,0.30804900887005726,0.21013038214768862,0.10809073692646948,0.026797432348846545,0.010760114628679054,0.008115077306180031,0.005463280752912594,0.18578653079872753
tdh3_snf11,0.2736743265991762,0.3113522181592645,0.2567790499327843,0.11626266804135171,0.02066279626098911,0.0093107189381916,0.006347783479977739,0.00561043858826497,0.19718041041164625
tdh3_med7,0.3426911334545243,0.3247012219666089,0.21805170686704212,0.07851886391734715,0.017133674399558534,0.008251192261142558,0.005330752153240972,0.0053214549805354555,0.16791236916283933
dpd4_vp16,0.29209901139496297,0.29195263993411363,0.22848084183823653,0.13438683034837415,0.029149949883528835,0.011536905128282768,0.006909976650125037,0.005483844822376101,0.20088655906980302
nhp10_dpd4,0.29820977096205126,0.31743979426704944,0.24842815912945299,0.09106286003675673,0.02111798735564152,0.011584046533638735,0.006833073400791919,0.0053243083146174534,0.18687792476200837
tdh3_cdc36,0.3490835767162159,0.3158878552742529,0.22216107165365573,0.07687901435333573,0.01591367052134838,0.007917263374955685,0.006058953287794695,0.006098594818441055,0.16759027486537126
tdh3_hat1,0.3151384611777066,0.3019804147213032,0.24544632579794554,0.09799109199609096,0.02079039911578149,0.00860735413257868,0.005149998646591917,0.004895954412001628,0.18260234031357847
gapdh_dpd4,0.3642004134470548,0.3155934095739004,0.20916770416188407,0.07896580831491959,0.014501658394429108,0.007486364112419821,0.005552687855781673,0.00453195413961063,0.16161492901345817
dpd4_hat1,0.3334389523783781,0.3014237146506412,0.20959685940433462,0.10526484456921634,0.02627244174531866,0.011170638199784285,0.006953053552126474,0.005879495500200329,0.18288995928018809
tdh3_hmt2,0.32506088869344496,0.30958775024699564,0.22307954077112824,0.1060581879037707,0.018121803830451356,0.007731835484788665,0.005368513131973508,0.004991479937446971,0.17888846094289754
sir2_dpd4,0.3766177455369455,0.3177119475489796,0.20019534801346855,0.06781211799344591,0.014326485976311466,0.009949724472498209,0.006883258395522825,0.006503372062827983,0.1593452455195606
dpd4_med7,0.33743801212191193,0.2795902941435049,0.20863917229594503,0.11586773649034712,0.03094362717725417,0.01534733244993737,0.006260471659000668,0.005913353662098807,0.1891341892505479
dpd4_rpd3,0.3371406263869958,0.28771238055934273,0.21379698691879662,0.10823839252038683,0.02598757761235128,0.014501336006411087,0.007503362049619431,0.00511933794609616,0.18533343719427808
tdh3_mig1,0.3742251389792715,0.3302820518703587,0.19710599136150003,0.06584166516606427,0.013940415812133431,0.00877413049512277,0.005291758689031996,0.004538847626517288,0.1550248330479303
dpd4_sfh1,0.27976732844370433,0.3043709526765033,0.22978503383421284,0.1347135466656454,0.025972283654693208,0.01207875248855949,0.007365755891045368,0.005946346345635922,0.20259764530987992
tdh3_sus1,0.32361393838195535,0.3042719628941213,0.23386290336292653,0.09894343130598215,0.021127192683015113,0.008432228667582423,0.004884916575099705,0.004863426129317304,0.17983592285195896
tdh3_sfh1,0.31835195365753144,0.30440680207259707,0.2515827199744131,0.08784917453113164,0.01868229074593005,0.00869715062752838,0.005378098943162607,0.005051809447705697,0.1795665630755851
tdh3_rpd3,0.3048600730996674,0.3080015089794138,0.23289310609752092,0.10931380309468865,0.024155545716812415,0.00994196970361631,0.005586380703916705,0.0052476126043638355,0.1883303906139857
tdh3_hat2,0.3181260317210042,0.30669292218921407,0.2394383353853326,0.09866931175290614,0.018633883836873172,0.007984571957203583,0.005191055836270656,0.005263887321195626,0.1805756385168717
dpd4_gapdh,0.3472889008627209,0.2870232027688522,0.20980374311579747,0.09720150650701632,0.02753198507415909,0.01413134515057681,0.007720968016734581,0.00929834850414257,0.1843477317429174
tdh3_pyk2,0.3295867077689342,0.30275809671537224,0.2265051648336257,0.10129059874421029,0.018691223361283104,0.010920888550237129,0.005749850405434604,0.004497469620902774,0.17928442122721422
dpd4_hat2,0.33108705724996657,0.2877874761073844,0.2085301801871935,0.11980386383597913,0.025464512642176883,0.014804670233518401,0.0067470863967695055,0.005775153347011631,0.18872134593367237
tdh3_eaf3,0.2946059132956817,0.2797279618390154,0.26250969154045656,0.1208505040472785,0.02372158436226825,0.008204249643330769,0.005143983572479441,0.005236111699489324,0.1958175894369704
tdh3_rtt102,0.3522799975740943,0.284443792239591,0.23153854358738282,0.09759118804562071,0.016169555918225657,0.007622704901742539,0.004780183976325271,0.005574033757017795,0.1729693616985586
dpd4_swc5,0.3242479919147429,0.294723073679154,0.2283357792675389,0.10674697658148176,0.023034889848716482,0.010207230434727547,0.006421715998435798,0.006282342275202623,0.18533113792060196
dpd4_hmt2,0.3094285472733504,0.2858763125763458,0.2310112424857595,0.11324124312593208,0.03238045230899475,0.014370580739833425,0.008072305613440483,0.005619315876343484,0.19668089781083642
tdh3_nut2,0.3196747338304299,0.3221227383123875,0.22142449985263246,0.09668134878933879,0.02054153360617554,0.00908652951656538,0.005634151931798424,0.0048344641606719784,0.17860867530124175
tdh3_btt1,0.35044748729018016,0.31889268562611195,0.21195464914890005,0.08526913020226001,0.015535078067752135,0.007923897088902752,0.004917718530973512,0.005059354044919394,0.1664701373923559
nhp10_lge1,0.2559027850521758,0.3322565282332899,0.258113899558794,0.11473144840753352,0.01770897218261231,0.008756785703537377,0.006833479001840621,0.00569610186021657,0.19831029669345349
empty_dpd4,0.152887023648626,0.21198761665368893,0.2680169958128181,0.25501153863763093,0.07428325787579523,0.013417924300414627,0.010809961728893728,0.01358568134213252,0.29103405956653744
sir2_lge1,0.37537503315078347,0.31514081997107485,0.18753217995375493,0.06913436282377193,0.010952068061785097,0.009642772170843307,0.010497552206005588,0.02172521166198089,0.17209888518873676
nhp10_vp16,0.2730968463136739,0.29096914544643715,0.2868548037088329,0.10164641382510109,0.025075944263276213,0.011725510276967836,0.005747456022243521,0.0048838801434673415,0.19960303141644037
sir2_gapdh,0.3713608762030097,0.32996658149689717,0.19753166877602113,0.06631618415865803,0.01589916701957173,0.007224019729137712,0.005974790632489205,0.005726711984215332,0.15709013799047591
dpd4_eaf3,0.29171603075031716,0.28450546087360906,0.23686584336320593,0.13158067799235706,0.03285803232703083,0.009815105070920434,0.006511365276926513,0.006147484345633094,0.20222677404582973
tdh3_DAM,0.33651481417962115,0.3280827666442746,0.21857160550921145,0.07765037859412,0.017378448265911298,0.00872370650009719,0.00742354688051007,0.0056547334262542805,0.17077626489657555
sir2_med7,0.36819364593863985,0.33466873134808184,0.18920082567570823,0.0748356839194068,0.015506145196958643,0.007725861817787746,0.004945140883838816,0.004923965219577962,0.15748141802493865
dpd4_ies5,0.26055183028354717,0.28171065443406085,0.22432503232364995,0.15613966288917672,0.047575961933398456,0.014872821297601927,0.009336815220262723,0.005487221618302188,0.22255415780288368
dpd4_nut2,0.3227161717670705,0.29146765638630967,0.20931783178756747,0.1232829117164658,0.029701143941324875,0.010261908619981143,0.006983046085554556,0.006269329695726009,0.19083567976563665
dpd4_pyk2,0.3456897577680657,0.3058804230207974,0.20268745044929715,0.09510670107218512,0.0270976485046676,0.01168859176883876,0.006670271677854526,0.005179155738293688,0.17709781431914204
nhp10_hat1,0.24179882280272785,0.3233121164785657,0.28650643313000956,0.10118153664925379,0.025058386356359465,0.010066094220866142,0.005632771342844293,0.006443839019373207,0.20419101577268473
hmt2_dpd4,0.3117366033736524,0.3014327283813102,0.242092895415855,0.10109119459238504,0.021828879021334,0.009422841003785137,0.006774268463748997,0.005620589747929344,0.18618736615891945
tdh3_htl1,0.37201259888800475,0.30763876343058516,0.20906903716331127,0.07697379808178154,0.015147973335294995,0.009159218163537496,0.005577781249423527,0.004420829688061232,0.16107124449634136
nhp10_empty,0.2787499212368045,0.3192476056535347,0.2653090230790043,0.09719878755331979,0.01874518112745046,0.009529474990782664,0.005807606313091289,0.005412400046012492,0.19097465030512184
gapdh_empty,0.37474097764098724,0.32063078430846703,0.19647612778779577,0.07489481236419931,0.013405982316145287,0.008673588343409328,0.006290756612571027,0.004886970626424861,0.15817324028838348
sir2_vp16,0.35940743836050193,0.32919653975312313,0.20431187354855768,0.06480566040492933,0.0183819710855752,0.010631155305585293,0.007783694435878324,0.0054816671058491254,0.1634278236130668
mig1_dpd4,0.5636522170125834,0.28658097249669656,0.07311732688941557,0.02514080669709903,0.02237512703359672,0.014242120380168477,0.008219233255768697,0.006672196234671592,0.10928141851133819
tdh3_tdh3,0.3428695496479828,0.3100328126643519,0.23445043986131264,0.07966272053076734,0.016366346195186725,0.007212950514428483,0.005078841566833273,0.004326339019136885,0.16860134483816092
hst2_dpd4,0.3675156545441093,0.3058745573629059,0.1871691551244432,0.0950754503844036,0.019046945840791637,0.013162246790199332,0.005906711907069737,0.00624927804607724,0.16951763626344646
sir2_eaf3,0.3701398340477851,0.30687187128154203,0.19509226543454378,0.07916460948651771,0.01938878485101667,0.009886643371289071,0.008624545472608517,0.010831446054697078,0.16987228315560363
dpd4_pyk1,0.3876346102113144,0.2737171087296324,0.20202650348775814,0.09963440082806868,0.018785444378744486,0.007801345013830185,0.0056854894985679,0.004715097852083737,0.16542006324706815
tdh3_ldb7,0.31545240839640587,0.33603247236161743,0.22447633561372354,0.08316696273632748,0.019772014684751336,0.009556817635529475,0.006204543271630185,0.0053384453000145885,0.17656493649208327
gapdh_lge1,0.3373099583863408,0.33336470827020714,0.20824612205063164,0.0866254783156499,0.014688678272516853,0.007980024479675305,0.004764773313528179,0.0070202569114501115,0.16944552300974056
sir2_sfh1,0.3632079836969879,0.313626579113488,0.21246243840686135,0.07828923914664243,0.013913958248953338,0.009115344096902244,0.005145893480244293,0.004238563809920359,0.16217100491405295
gapdh_med4,0.33104830686316455,0.33043352880992727,0.20290843733276892,0.09306999721041653,0.022547006714138045,0.008785083940374663,0.005597784069568136,0.005609855059641893,0.17463279021429168
btt1_dpd4,0.04584697014956157,0.06581997120583591,0.17046640154894943,0.3179806180321214,0.29201382763836425,0.08373466712992648,0.014009529551526768,0.01012801474371432,0.44319665073119274
dpd4_DAM,0.33950296387647455,0.3318801388758179,0.19997847825376172,0.08492518020158485,0.022974513995473875,0.009655318093369772,0.00571123502339997,0.005372171680117232,0.1712371277625801
tdh3_hos2,0.32891994583318973,0.2946752630271197,0.21956884475419902,0.11234446282009938,0.0228436313221606,0.009374749681355446,0.00535302667605709,0.0069200758858189385,0.1842361865640444
dpd4_sus1,0.2721020352549702,0.26811176095356637,0.24987251980587605,0.14353982758064782,0.039698083468494336,0.01272191799089839,0.007586305237783318,0.006367549707763418,0.21585269807382504
tdh3_ies5,0.2566086386260106,0.2918072833649869,0.24739803304039243,0.13931666353439442,0.02373504685152508,0.011153823541428616,0.018552648693662847,0.011427862347599071,0.2209390819653384
sir2_pyk2,0.3393885259244385,0.35665965349407747,0.19459235877297493,0.07055269787147564,0.014969753216284187,0.01141013050502843,0.007107904552333104,0.005318975663387699,0.16490176957177793
tdh3_pyk1,0.31282800535183086,0.32865377568337306,0.21607430459700727,0.10113036008993886,0.02222138095159298,0.00805033849904876,0.005829471686640369,0.0052123631405676645,0.1806848647932337
dpd4_rtt102,0.3463741372596735,0.30138754176498783,0.19534569360543982,0.09442606760513839,0.032729853786984724,0.01595564748353831,0.00770182343563916,0.00607923505859835,0.1821171957687052
nhp10_med4,0.27093706713188936,0.3146797140625627,0.26333726363257504,0.10227973551197587,0.02521506039559271,0.011728453748510781,0.00570624938871905,0.0061164561281745276,0.197821235345443
sir2_hat1,0.38307455922939276,0.2976025173749653,0.19847727533833542,0.07947020822537784,0.01840667973718025,0.009315560360429912,0.007995665313817235,0.005657534420501388,0.1629641351864362
tdh3_cac2,0.3110719883934894,0.3041705377576859,0.24407819945691822,0.10474844501333322,0.017036559734768406,0.007967242053742263,0.006396918290696678,0.004530109299365992,0.18352099939414984
dpd4_mig1,0.4590872472564118,0.30641786002989846,0.13284825785539184,0.05448785608535735,0.01818261045592855,0.012129644998133956,0.00932060519765574,0.0075259181212222245,0.1396516669779469
empty_srb7,0.14386096034158077,0.21664317702286362,0.28541151661561776,0.24088020977819152,0.08534463435857056,0.013144713482126178,0.008032919564239027,0.006681868836810519,0.28745422052524205
sir2_gcn5,0.39310294458526845,0.28454769806500174,0.1918260037524968,0.0718872640471505,0.025997151444784865,0.017383941252478982,0.010538516804636492,0.00471648004818217,0.1672880387025822
sir2_med4,0.3711319846052481,0.29778256814540444,0.20935703694777655,0.0813303129459251,0.017089338310811806,0.010989044379229287,0.006864830502889104,0.005454884162715548,0.16616618973921
dpd4_arp9,0.3267808055828973,0.27507547106065944,0.22559821092872426,0.11226351822124707,0.03443880316644211,0.011495742867458088,0.008521234652999738,0.005826213519571957,0.19288675387713
dpd4_hhf2,0.3708475025252244,0.2861435053802719,0.2013862441164334,0.09988541774895775,0.01964053764013072,0.010185045189008583,0.006040739967514487,0.0058710074324589195,0.170771587885411
pyk2_gapdh,0.2978367611788007,0.30163757890884585,0.23864048060320067,0.11797049568758412,0.022000415227922423,0.008476338603074111,0.0056446702454173445,0.007793259545154705,0.19309060277052095
nhp10_sus1,0.2606975560421333,0.345992790488592,0.23567118424076383,0.11586491175960521,0.019514277592345194,0.010040055334914179,0.005874710106848993,0.006344514434797218,0.19612102042536594
empty_gapdh,0.17923981864607907,0.2341490115193054,0.27808372006570514,0.2218686576967297,0.05652568982613584,0.013907206975585357,0.00853429617755654,0.0076915990929030086,0.26522974137700506
hmt2_med4,0.2931785820977142,0.29314531229755403,0.2608483441860552,0.11469027992493032,0.020422621780386067,0.007640144088284677,0.005312025407105589,0.004762690217969921,0.19200214742512084
nhp10_gapdh,0.2839302853856944,0.30291437708003405,0.2708781501488,0.10604894161336903,0.016259547090680636,0.00863450840760302,0.006165830094356194,0.005168360179462659,0.19202881920583637
hmt2_lge1,0.2981397266203027,0.29108579412351765,0.2445858482906562,0.12560208193833,0.020409485792961497,0.008547840273860859,0.005994311831172081,0.0056349111291991195,0.19383587570748523
nhp10_sfh1,0.2456840495026416,0.2898843497395981,0.2943321610928866,0.11949024606822556,0.026068930672036875,0.010813929893499013,0.007533625752405931,0.006192707278706302,0.21198792682158146
empty_lge1,0.1451396298526531,0.208851921571936,0.28175592416223216,0.2612417259454488,0.07613901184675032,0.011713267544757829,0.007617603244925841,0.007540915831295904,0.2882433375903091
nhp10_swc5,0.24594589728639066,0.3343676516279588,0.2518493683782926,0.11583575294661734,0.025668493147148058,0.01021002722469337,0.008067325486515333,0.008055483902383883,0.20629858516746202
tdh3_swc5,0.32274611509570805,0.3027564324053412,0.2230833644970343,0.10725503877913867,0.019164588225734892,0.00992061242114602,0.008559615837759514,0.006514232738137456,0.18484385956271637
nhp10_med7,0.2491672293703352,0.34280214266759446,0.2584547527771605,0.10991931505995825,0.018783588357884226,0.01017351840938715,0.005395867298756839,0.005303586058923393,0.19785312072646677
tdh3_nhp6a,0.38692123860368766,0.30789212044872794,0.19048847659123838,0.07917406347854251,0.01730690878199969,0.008122708092907356,0.005777629836296167,0.0043168541666003864,0.15730231397762107
sir2_srb7,0.3488760565900997,0.33357205227167214,0.20724165121314891,0.06683116900788692,0.01585806713464657,0.010635133743979588,0.007555494672600993,0.009430375365965093,0.16807177065392526
ies5_dpd4,0.14659467108866805,0.14598915960074388,0.13260113161982812,0.13717653420546705,0.13374716517955954,0.17647696309803695,0.0945968915193861,0.03281748368831022,0.43391403379995896
nhp10_srb7,0.2723573562006887,0.34015819969726246,0.2490718507438506,0.0947947375519211,0.022677297238782798,0.010278603130539053,0.005854953016617119,0.004807002420338232,0.19050957907008914
mig1_med4,0.5429363206909725,0.23843955934348143,0.06838839327920573,0.03229613242384057,0.021602106066400138,0.04134788737114074,0.025228189497693603,0.02976141132726523,0.16070737436739102
pyk1_med7,0.40688407637349644,0.2280047818972813,0.22190610553726475,0.08442782285467323,0.027852376669525652,0.013998748277848545,0.0100753797503138,0.006850708639596274,0.17355870694031894
nhp10_hat2,0.2695287868993014,0.31257227285090183,0.2722515050085256,0.10481926924764312,0.019266588498608003,0.008904228156554363,0.006516296873284989,0.006141052465180731,0.1964579619834373
empty_hat1,0.1327544902131181,0.1908200476632017,0.27810828632222817,0.2883461479646594,0.07940323161210139,0.013860110591482218,0.008345831465876828,0.008361854167332223,0.3010852159391485
nhp10_btt1,0.2543644373283626,0.32532963095319856,0.23596618749939363,0.12586859250735216,0.029562051115665046,0.015486035186524756,0.007707523101083548,0.005715542308419742,0.2081142998049665
gapdh_sfh1,0.3119559757133814,0.3090725701094825,0.24563718801174886,0.08720898665101362,0.025231450310903958,0.009998094974674177,0.0053067064487539485,0.005589027780041689,0.18340765933654615
sir2_DAM,0.39417041949372333,0.2863973460509156,0.21286939368097596,0.06828186892532839,0.014631040373680671,0.009447590254173431,0.007321254690673692,0.00688108653052887,0.15926271240174095
empty_mig1,0.23546588225057136,0.27022888686154717,0.25195626552595163,0.168958203893711,0.04486953888214985,0.011323982091152963,0.006698089577266543,0.010499150917649537,0.23297095563801337
dpd4_bre2,0.3047308346154375,0.26904597571715366,0.2355217701361603,0.13238442005189568,0.03133610231918186,0.012222995041763704,0.0077851609181690965,0.006972741200238268,0.20274604493448423
gapdh_vp16,0.3261509100363422,0.35388504389162545,0.2049903027901801,0.07936313107063928,0.01585423506684236,0.009040847867478777,0.006009845406279279,0.004705683870612575,0.16851072597437577
nhp10_eaf3,0.24355943279833137,0.3076191622979503,0.25755545152430614,0.12187725528821267,0.031215230966406177,0.0194188685453651,0.010529612447569756,0.008224986131858354,0.21872423934458257
sir2_mig1,0.39109142840322886,0.3335171498924704,0.18852254564518528,0.049906585473025636,0.01152912987323836,0.010922298115946449,0.00728465780240026,0.007226204794504915,0.15075734115007705
mig1_vp16,0.5678030853127776,0.281081732967433,0.07148569802138705,0.02616379952760234,0.023884293058680735,0.015120681939717672,0.007638777952639008,0.006821931219762626,0.1096101851114997
nhp10_hhf2,0.26700685943668256,0.3470501484749085,0.24683430373399046,0.10260410816170581,0.018471921998988897,0.007777521638182534,0.004087097309435683,0.006168039246105527,0.18985789074203255
hmt2_srb7,0.2756025989131947,0.3071739273716464,0.2733352256088249,0.09570883414695255,0.027140938880100704,0.008732954477714204,0.0073605257639170665,0.004944994837649544,0.19599678962659667
hmt2_hat1,0.29030524526529566,0.25943371526667264,0.27412555010261697,0.13392117037106782,0.021556763185231476,0.009131107974516363,0.006315018425772435,0.005211429408826801,0.20224300508786286
sir2_empty,0.3884685525088086,0.3374115144334897,0.16496585638756572,0.06926409091494827,0.01873268909775875,0.010000951556745286,0.005726365840378318,0.005429979260305449,0.15320558057037648
nhp10_mig1,0.367310655953344,0.3525456735733896,0.18939219452610873,0.05765811333285634,0.015266087632882265,0.007401449929710274,0.006302384639513731,0.004123440412195097,0.15272205621810064
tdh3_arp9,0.29862001473485883,0.2823042816636633,0.2595407565654583,0.10428752355343228,0.029812021607774023,0.012949327254334845,0.006885022093972557,0.00560105252650607,0.19696579834386063
pyk2_srb7,0.2468580795769441,0.3094062918698465,0.28441960739680827,0.12358476466549942,0.01528580384486914,0.010456167489343594,0.005896114012165035,0.004093171144523945,0.20377896222440195
gapdh_snf11,0.28668563133695346,0.3131098425927876,0.24792600674108234,0.10880493942700484,0.02236252128344835,0.008700509106741609,0.005764537763557158,0.006646011748424607,0.1927769448348262
gapdh_gapdh,0.33811063141534414,0.30637654660597535,0.2341738282674069,0.08554769019730515,0.015989165042013222,0.008213007516313266,0.006208994590776165,0.005380136364865809,0.17304341336872023
tdh3_gcn5,0.20066622731207423,0.27593311159541595,0.2808019062645657,0.17932898102926492,0.04004040446693908,0.010106107669400852,0.007685948409561506,0.00543731325277782,0.23862755809341663
gapdh_sus1,0.32023871429422357,0.2862419279832458,0.2626400401667944,0.08910697706909596,0.023926462309176534,0.007566319288477744,0.005523799060701403,0.004755759828284606,0.18268764262363113
tdh3_ada2,0.29207858122256414,0.302392896794465,0.25813643219646665,0.10399460360788543,0.020412712305813735,0.010771161206167824,0.006028145067789191,0.006185467598848048,0.1922319101234029
pyk1_med4,0.3354785642575984,0.30771082287106677,0.22341015958295107,0.10179184585123982,0.013308153658987007,0.009106122155227011,0.004860149820884372,0.004334181802045563,0.17402429664891378
empty_empty,0.1612659985105993,0.22576857405452294,0.2647068348313663,0.23812612177086928,0.0711230257631681,0.019663692733898425,0.010361836811339878,0.008983915524235737,0.28248994361281676
dpd4_btt1,0.307338331894099,0.32354823168533486,0.2228191369422129,0.10867255141958893,0.020179402149701365,0.007774021729482515,0.004641687052409095,0.00502663712717129,0.18254692275419987
empty_sfh1,0.14730462624664878,0.21232106991485894,0.27922149531416207,0.25333046962086464,0.06499952767260708,0.017883161092049384,0.0125189449382661,0.01242070520054298,0.29174685594140715
empty_med4,0.11519352003609692,0.18799035043258194,0.2811534192431042,0.292055358857637,0.08834351790529078,0.019616574218218878,0.008344163693714574,0.007303095613355675,0.31130097995139094
hmt2_vp16,0.2863080305203075,0.2834190730042121,0.2619140599118712,0.12300243029094039,0.02591712504545223,0.008663324215868502,0.005505263590858117,0.0052706934204899735,0.19902372006435798
nhp10_rpd3,0.26183448851721547,0.3563595987755348,0.2505282640696825,0.08534515413205145,0.022555374467452836,0.013391147413899752,0.005823185569331313,0.0041627870548319665,0.1906724924357394
srb7_dpd4,0.025227472942050955,0.025118679612212827,0.06617034017560414,0.18191627578686353,0.3571159870380167,0.27180624758820293,0.054289892475143826,0.018355104381905143,0.5635612084201845
mig1_gapdh,0.5454269119696933,0.28913186140633573,0.09082609551990792,0.03236807889486286,0.018377813288894075,0.010375004739021067,0.006745773219056142,0.0067484609622289644,0.1115697760044802
dpd4_hos2,0.2853859104177453,0.3192252165860335,0.21033420531111446,0.12588771654803071,0.03459614120541348,0.011606688924571187,0.007689518086382476,0.005274602920708924,0.19957630218001737
dpd4_esa1,0.38311334361482485,0.26716978479907716,0.21538473430955257,0.08217428683564447,0.03159002863905005,0.010360016174749768,0.005229016013292776,0.00497878961380839,0.16983541896164
tdh3_hos1,0.3070703204517887,0.2949857393743309,0.23828209149703158,0.10921037904935232,0.026830086846543855,0.013499194460727814,0.0055509326720589985,0.004571255648165668,0.191328823539397
dpd4_snf11,0.22131511280302413,0.26249517077851275,0.26616700859979014,0.17122895812733688,0.044830003426072025,0.01680569236241945,0.00975156509867985,0.0074064888041647636,0.2403170500139602
hhf2_dpd4,0.3056316781146172,0.30577264214434774,0.27252613479438126,0.0809062002541842,0.014533478834817547,0.008904569966919063,0.005477402055908588,0.0062478938348242445,0.18182856383553564
vp16_dpd4,0.027450231621704305,0.019940322370915593,0.02068261737512724,0.0204137733658731,0.019084856562496654,0.06625812915485305,0.18654978213793438,0.6396202874110957,0.8752596648497597
hmt2_gapdh,0.31830989797703246,0.3088606056893838,0.21392654229148217,0.11509824273699457,0.020534132460641327,0.010504158796185086,0.006472486927117523,0.006293933121163213,0.18565117081680999
sir2_nut2,0.32418380452438433,0.3477539539424426,0.20935709253819057,0.06385217273504436,0.021505054536907545,0.010755825969483143,0.010617991235333368,0.011974104518214089,0.17790724060835736
tdh3_bre2,0.3155231820525377,0.2836636236504678,0.22749990676546672,0.11308457182095527,0.028500061363426553,0.01868443008697758,0.0070957673472533175,0.005948456912915118,0.1956504787152553
dpd4_cdc36,0.32096601399835506,0.32133842459734363,0.2382732284873649,0.0757395293702807,0.02231592462858596,0.009798154920207065,0.005698303214567872,0.005870420783294774,0.1769486725098236
dpd4_htl1,0.2838905807698803,0.2772098754658602,0.24443947908539496,0.12824283318168123,0.031090905731649826,0.018652666909932572,0.01136689979647881,0.005106759059122051,0.21034185755009754
swc5_dpd4,0.06027104763902981,0.10135235920734034,0.21970543537301318,0.34675810409739993,0.2078721032578441,0.038712492866232025,0.012664720118381828,0.012663737440758736,0.3958175574862436
pyk1_hat1,0.29155236304596266,0.3226702837138288,0.2353189155343937,0.10669644745047735,0.01914021799998352,0.01193503596931951,0.006018334972850826,0.00666840131318361,0.19034604685856715
sir2_ies5,0.3083282927005877,0.3463483161088985,0.21267934769973645,0.09194177345260006,0.012435179851751863,0.011629371664146262,0.008856370043398145,0.00778134847888105,0.18043250988663806
mig1_sfh1,0.5623459564254216,0.27660625211682227,0.08990645320024412,0.027656696335860292,0.017057321359968385,0.012739150973460683,0.007583971390248146,0.00610419819797452,0.1085067862227684
mig1_hat1,0.47937698256318456,0.27028774799835936,0.08701934668195996,0.03611466193866421,0.03489731709569731,0.05367873994206389,0.026007134482584085,0.012618069297486526,0.1721460981784701
hmt2_sfh1,0.27839793457082207,0.3001293550948635,0.2633379717053508,0.11309554227551537,0.0263234878565975,0.009070429425643903,0.005116887492572033,0.004528391578634928,0.19701972712751392
sir2_hat2,0.38308297273653846,0.2980541291556257,0.1996633517783165,0.07742710849264173,0.015365359291931136,0.01207478008951163,0.009606272844333498,0.0047260256111013015,0.16317390173559665
btt1_srb7,0.036778034181156743,0.05785420352755148,0.16559759463760013,0.3300787326205029,0.2991272999394742,0.08777224974942971,0.013064864774130023,0.009727020570154739,0.4515906245435956
sir2_arp9,0.3119875116565983,0.30379882390019,0.2591368965654528,0.07554319108407104,0.012439817971934981,0.008806977700818947,0.009988300167065013,0.018298480953868834,0.19007364547923078
nhp10_nut2,0.31699283327173416,0.2826267851448132,0.2712182776000213,0.0913922339835113,0.019368378462139374,0.0077633617693867694,0.00539813818861188,0.005239991579781946,0.18351416216871796
empty_hat2,0.14988073895228232,0.20086308610881148,0.29108559772401066,0.2612004709777063,0.07214496484435383,0.012302805740751955,0.006621216963058533,0.005901118689024947,0.28539495931037895
gapdh_srb7,0.35505298460833123,0.3236074203177821,0.19092637110035293,0.08614153662170432,0.022365664098391566,0.010307345105348326,0.005953677332204452,0.0056450008158851536,0.1685887462869045
mig1_empty,0.5862312551824693,0.25504307021756045,0.06829537532580549,0.02563785800419077,0.0283633238491439,0.021502749325685255,0.008605850477932754,0.0063205176172119555,0.11219902329926082
gapdh_hmt2,0.3661370419060257,0.28303746097216753,0.18559604415426506,0.09339281312743306,0.026795730776403542,0.024133914258564027,0.012628260937285621,0.008278733867855482,0.18514016939430478
dpd4_ldb7,0.2404585069234909,0.29930023298400626,0.2695085213143774,0.13637634619283293,0.031153792111910023,0.010526225663629738,0.006406832451667484,0.006269542358085181,0.21528862888194994
sir2_hmt2,0.3424951450029343,0.3680800600474063,0.16529853007135464,0.07694386414418708,0.019730447076342028,0.008669459281762708,0.009789511098424988,0.008992983277588,0.16763796383864632
mig1_lge1,0.5452304481504184,0.280744628223661,0.08620358034350958,0.03761512052524583,0.022686314392079958,0.01263963829238919,0.007937084081120236,0.00694318599157584,0.11659505799206224
dpd4_ada2,0.342242345325237,0.2741416045895786,0.2159928242121542,0.10315205358587101,0.03557703730145778,0.01274790468123307,0.008708666803541269,0.007437563500927145,0.18942086167303343
nhp10_cdc36,0.25029428911177126,0.3040408431500844,0.2987088969161868,0.10838485493501941,0.02011804688307022,0.006614660058295401,0.006724467575070433,0.005113941370502155,0.20232901209360166
empty_med7,0.10508865723815523,0.20203918940227972,0.2934695093379346,0.28571960503394633,0.08370740533440252,0.015963564887393363,0.007375795557422441,0.006636273208465814,0.30735616496548
nhp10_gcn5,0.2693948272336447,0.3504504830956926,0.25110473478236095,0.07990439605108907,0.023764005542431597,0.010601547321292384,0.009018411085653728,0.005761594887835002,0.19069693290266243
mig1_srb7,0.5926297243110118,0.2506637127771414,0.07105601127682434,0.03277559151213715,0.017944660268913937,0.014901661962972356,0.011438234871945095,0.008590403019053838,0.10945024158896663
pyk1_srb7,0.33716795642509856,0.2968860511007304,0.23867935729513196,0.08376889084731692,0.025315019988665054,0.00818837569918341,0.005122613482857271,0.004871735161016381,0.17608446052968296
sir2_rtt102,0.3642281840232189,0.2612687868815602,0.19009987204376796,0.08892010823032592,0.05246827006058984,0.02609754339420005,0.008937359841045926,0.007979875525291096,0.19401042008524955
srb7_med4,0.035342356849466884,0.03531111337152431,0.04646720397159393,0.11582324666981163,0.29117676259537106,0.3593420853903066,0.09179015271879074,0.024747078433134916,0.5944433148574076
vp16_gapdh,0.03442059094007116,0.03765002590710945,0.02693920544496331,0.016371141070781272,0.014069759387669058,0.056937122390565725,0.16017969813293495,0.6534324567259051,0.8595302707702615
ada2_dpd4,0.04356270378816328,0.039962927191825724,0.03679393474948641,0.03869529516748308,0.14470433975600072,0.43361162775268336,0.2068321932030773,0.05583697839128014,0.6583377411340131
tdh3_spp1,0.3242915372813385,0.2899926470004462,0.2491971247890435,0.09740558081392281,0.019373136874056698,0.008670507796492343,0.006058536357679154,0.005010929087020795,0.18183949246488723
pyk2_vp16,0.2887774481629626,0.3010336338408474,0.2529531016434799,0.1025872872494352,0.02429786809425733,0.01371896637332257,0.006661013646353887,0.009970680989341162,0.1986069788461809
pyk2_med4,0.30111921683396914,0.29899163273077384,0.2608401391900447,0.10769219357768092,0.012189389911575534,0.009063710077251794,0.00545415550162395,0.004649562177080163,0.186156638589396
nhp10_tdh3,0.265630701800287,0.3024437676164967,0.2887091694687151,0.10634945936352908,0.012443911048379861,0.012982368377918607,0.007012610705053541,0.004428011619620115,0.19809567375646978
spp1_dpd4,0.12545656530477106,0.17037273947887138,0.25293752668268454,0.2998139875170094,0.10201950320312912,0.02203924956149262,0.01126892451416677,0.016091503737875105,0.32488829846648204
hst2_ies5,0.32456151527641053,0.29240703269398893,0.2150058814119662,0.11579221097712938,0.015673947052095343,0.008323587203875788,0.01244904330812769,0.01578678207640631,0.19418726958009713
hst2_med4,0.35235017911156785,0.29847105177180094,0.2190148169146775,0.08088744549590224,0.022287777078575946,0.010725009609425224,0.009222508907874773,0.007041211110175437,0.17522324423839558
sir2_swc5,0.404205395989515,0.29865347353248284,0.17651722416524276,0.06278088152897841,0.03186819391403794,0.015159716114720414,0.006323055875247915,0.004492058879774703,0.15895495286993824
hmt2_nut2,0.2514840835875251,0.3260297212801912,0.24500057662016522,0.12796473178467258,0.02971128641878104,0.010131653152606786,0.005414335217953091,0.004263611938104926,0.20453711088387863
empty_vp16,0.1121107502386477,0.1891701772634592,0.2828814352644191,0.2929265461140981,0.08590842661371209,0.017578200936252675,0.01060345013287021,0.008821013436541073,0.31294359887481604
tdh3_hst2,0.28974919417353706,0.2962632294732448,0.27299302083330707,0.09709859693322109,0.02142313029675224,0.011040881252677829,0.006507128251422332,0.0049248187858375,0.19256549862847383
mig1_rpd3,0.4425242870581767,0.2809359261220574,0.12348691623825919,0.07120003301201051,0.03949081159117951,0.013980808810701219,0.01959062089697778,0.00879059627063751,0.1640650067613087
sir2_btt1,0.36531288299481457,0.3248946095213393,0.19264756028345625,0.07913351553423542,0.009495883387587452,0.016782922270419824,0.006629859628151419,0.005102766379995687,0.16356956343175505
dpd4_cac2,0.3342655337292517,0.3002413704070251,0.19621817890531762,0.12179182443152105,0.024192435656703468,0.011534651420840751,0.006649840063675406,0.005106165385664894,0.18401977133213537
nhp10_pyk2,0.26466149967200425,0.2941385130680908,0.28692561554035334,0.11380932616438738,0.015460560916454967,0.008545122939294193,0.011545291455264802,0.004914070244150257,0.202522260206413
empty_hmt2,0.1328059428486794,0.19837140127903738,0.30556075053330045,0.25408154712920694,0.07585054117661924,0.014561911735376038,0.01003005506842723,0.00873785022935331,0.2956135070189504
srb7_mig1,0.10215473071165745,0.055782247392468495,0.0916910094144266,0.22536578094228715,0.3106130847474846,0.16100810693429024,0.029798271514091895,0.023586768343293558,0.4723787843138827
hst2_gapdh,0.30330838290645334,0.34371537172228434,0.18669795193905792,0.09541898539649216,0.02065357481281194,0.020245715399404805,0.014258570057406918,0.015701447766088648,0.19752466610645864
mig1_med7,0.47836636213980394,0.22883246868276527,0.06543402434241365,0.04887387605863526,0.044342343571497106,0.06231643141057017,0.02992072729532544,0.041913766498989195,0.20974205802103063
tdh3_esa1,0.3134920475975138,0.29348531284570434,0.24918678590123564,0.104092370801769,0.016432648870011266,0.009586075324209334,0.006071421098825157,0.0076533375607313655,0.1868284083818064
rtt102_cac2,0.1367216666595189,0.09082080355598057,0.11687109723500197,0.16590885198242566,0.27314571669774346,0.17954822183480773,0.029385011979524082,0.007598630054997625,0.4345877160286288
dpd4_hst2,0.327877101551233,0.30045751050047986,0.2209513297522287,0.11814992414364453,0.014233011025135335,0.006917306686680244,0.00606689698679966,0.0053469193537986175,0.18030833390960027
gapdh_hat1,0.311403300428884,0.321089141718507,0.23326933129015603,0.08721326529579262,0.022175526608075723,0.011265641318546488,0.0068146768550642264,0.006769116484973768,0.18322425567663342
tdh3_hhf2,0.3183313503034445,0.28379833294700263,0.2555472887425964,0.09539843039369394,0.023466845432029888,0.011750362829279474,0.0057258372670818646,0.005981552084871342,0.18713332652634068
btt1_med4,0.034191509037863096,0.048392562352577585,0.15305331514190135,0.3079250935314817,0.32308228371064124,0.10154551103852034,0.019498733230342097,0.012310991956672625,0.46878578662067893
hhf2_gapdh,0.35039030554155565,0.2899448902362237,0.21818833520833122,0.09711762549302243,0.02162905301229294,0.011350913124515239,0.004517225721948728,0.006861651662110028,0.17658287582430912
mig1_mig1,0.5731874018269434,0.28192387309913114,0.06891459344433522,0.021471649611809366,0.012878159716551933,0.009943391120429365,0.01166830121953517,0.020012629961264544,0.11364226004823529
gapdh_nut2,0.37322627497188765,0.3015279637353979,0.19981905936639988,0.08473077886946818,0.019066739439525318,0.009471052030361901,0.006937453856986441,0.00522067772997274,0.1653071577483201
hmt2_med7,0.2626411318454315,0.32823665927911605,0.2505110157718397,0.11078121406001651,0.02384974552891602,0.01173108844778235,0.006318719412227553,0.0059304256546704945,0.19929743620192564
cac2_dpd4,0.04639460368142581,0.08514654049052627,0.17993489983905875,0.3364415338316159,0.2562587862782223,0.06804738578401663,0.01737217873419082,0.010404071360943543,0.42809636966117337
pyk2_nut2,0.26851598811471783,0.275980915992056,0.23540301008959127,0.17169260151042035,0.02823134225873941,0.01038359960511882,0.004546991751083819,0.005245550678272622,0.21295841614535177
mig1_nut2,0.46511046717805743,0.2786911142100136,0.12805554061872593,0.07346625377054711,0.02943604169369586,0.012750988405753557,0.006362370702454614,0.006127223420751841,0.1453949791032355
btt1_gapdh,0.023533630374181616,0.06134106271118867,0.182732184163861,0.34009071537608004,0.29820590080528164,0.06979114174757722,0.013582566710927446,0.010722798110902411,0.4493445537382922
hda1_dpd4,0.20959296551493378,0.23290630748829538,0.21388943160102317,0.20784252953556126,0.10681643987195708,0.015150861459559378,0.006197606928412537,0.007603857600257431,0.2682350672649897
gapdh_pyk2,0.27745171798363066,0.3117931483908597,0.2823587193298647,0.07374497099545392,0.03190323236716648,0.009940173682900212,0.005347293084193502,0.0074607441659308065,0.19419546651239922
gapdh_eaf3,0.2864572554384504,0.2779685894861575,0.27775393451566827,0.11802088202358868,0.020434055718927088,0.008693799138371504,0.005796805589725437,0.004874678089111165,0.19737827190256524
mig1_sus1,0.4532430601247459,0.28431082864954793,0.14962579043171792,0.06838902463564761,0.021144817254940253,0.010687566639199755,0.0062351099356449235,0.006363802328555816,0.14410055164992094
med4_dpd4,0.024834242574247094,0.020817436363014363,0.020318482967885902,0.016097283556169024,0.033004749639904754,0.19061552417582306,0.38034969662389223,0.3139625840990636,0.8106684486918323
snf11_dpd4,0.016969269446631748,0.01258206300446661,0.013116902306857492,0.022040853547596096,0.1374849474341451,0.40924712811864883,0.270504217474384,0.11805461866727002,0.7357887848725697
